2000
564288801 359932145 881097001 881158338
141627881 512186421 313121185 622136985
51022059 438317571 488447345 848888873
156388567 659621923 621633873 950858801
26839041 72260585 382895001 562076161
13855169 91504641 225577913 441709389
426639165 227488291 589192641 780680811
367040241 164399745 715274241 782866451
151430001 875424442 261730884 932439921
533667111 53409001 600941121 776072977
104701201 598319181 472156721 695563681
44082625 301381137 850724801 361204539
336776641 55276141 978495049 711181601
61774849 406944889 885317926 709050943
482342401 56639841 675245087 341096065
140945661 195394161 254336689 767284481
530774037 814708629 836044501 829299393
104839201 15282001 570157153 660877051
550694995 284612257 810682561 585204225
542676239 175661933 938847751 928210401
165657443 249587521 875744481 260980581
322071041 298428105 688427849 611187576
493883501 546814729 786262209 635331249
221886881 543110831 686238273 800107091
252765501 123090177 346191881 783598355
38871641 514630501 703738299 689395201
541243597 496355201 873241401 552987641
833707521 268704501 836069841 708030001
355211845 239256705 380955001 935031169
105379601 159889201 745836801 229744345
112373061 275770751 264659521 671558993
63994181 124756481 113977876 198021521
971250801 16584121 982926241 80882001
338821361 52716689 347258351 688370561
461852801 322366925 572850881 950232001
201124521 96642049 919399844 304523296
194035041 360674817 871478505 555447197
194029761 851259901 221954451 983127251
531052261 37840641 826606597 188091701
209016801 344736326 875238589 499768193
607924161 745740001 986176961 991369281
490394451 434957401 515704481 901469101
432396269 7244801 683561809 555024121
473063975 545939681 704054273 655816121
423572395 147145601 971887001 673495269
34468751 145212397 674222537 560241665
279785865 572168441 701879809 585459001
888166001 72474731 917124097 785527181
64694377 200134424 433608401 976093901
254185181 546312737 928558081 691845601
397124065 149940111 494396081 961662241
260726701 95074201 526210881 971082921
953435001 278933941 979271937 892939841
498081793 96791751 924789951 322324481
498575073 680019937 855358001 780959329
242521001 7872001 709381393 152682113
149738715 509277513 811868881 959856879
357354177 125482561 523534411 301722121
71307801 144791321 949448313 690530046
420235601 2702701 542472751 146416769
225738337 85989137 698456301 207057111
204807986 94950591 245043201 342914401
496475457 50326081 595579901 784913921
43188273 133792811 518969889 954232161
620014765 141656961 657785961 882588905
202099105 433584929 209369921 462570241
158813857 99927741 693785913 701436593
591770297 375888001 899573365 703817201
13926913 391716089 839223169 544515001
612745201 265681601 921616001 281272401
114515953 305548169 698721876 523713601
94624501 207777085 915423281 840876001
421634329 591961465 688769901 984936081
594518913 65592161 682149441 785755649
197962001 409954876 756552178 411547169
48834501 6214121 641860465 351989185
247380401 457152481 433955841 911128809
23846177 481594945 355747676 930170601
164515341 524256465 892998881 643648801
164095905 454148449 596560097 541893663
284702707 177075569 546848641 383238001
209790161 648321881 258455409 965475945
278357151 93810801 692937553 373875396
20308481 365163419 325369361 475270071
357213121 124191121 475927816 509752441
538805561 140071501 762990071 148709505
99292937 349160481 586523126 711263289
749987841 494107201 780468761 678709249
625086977 327453121 770005057 652983501
267792781 40278401 714682849 896533761
118835501 389377201 943602881 800822425
254657064 370813981 623198401 853276641
88965121 589585183 286997561 628171617
407675361 343807179 654653361 844030785
50657281 257218401 294869905 624584641
53415241 107423931 241720321 949346089
258448121 50981025 926495251 979001161
206702465 159747677 494655441 417376009
204561153 127794233 502311041 836738371
74190013 343518501 496224421 550525641
143544353 73744129 917928751 151448751
109501371 519028873 641776097 809873111
106576241 488347241 498320005 772565421
95860993 216873605 238368321 696071541
386770601 565952236 874762481 932204161
229488831 802110061 732874261 875334301
777041921 118242311 987570433 875123651
732023585 174418633 948633761 839806593
588524921 328003329 788974301 564994801
243210057 418353681 915673826 420871881
122595009 66510001 474592353 497360781
92445968 246936911 457942681 288099385
819843457 4773101 947361761 379993601
238691625 7671841 904966772 919470081
266375073 315164801 393662001 497440001
187307501 99267761 443737601 605222721
126426721 94793921 350641241 872256001
363661313 266861261 865712801 833729313
404152501 164479601 636822156 515375797
16222985 250119041 366902479 994724121
58510801 843737651 343995331 907781921
72456609 164379381 895208131 357081551
360874651 239509713 406317771 707535575
781830913 41609081 890699349 691211600
655699901 136964653 950025926 603858901
219327329 4545601 825240153 911236201
343745181 309326931 844590001 622715701
267192641 116053121 926189611 291884801
786287297 807708053 857461001 843839669
648380001 291708161 750359341 617134561
242079731 41505921 333808165 549822088
117166156 279349849 206416561 865593721
733829097 215281767 798429399 508354965
633099241 10428801 767149401 662833801
535052126 163703919 988825821 861698241
223688319 251409345 732248721 554454961
68964901 6745729 265731001 562531941
299133431 314194141 407285001 811918501
499841621 172087617 798041861 700107841
311800839 417203185 401726961 517246701
113587709 858524513 212473401 957512961
168655691 113769121 388737953 187301429
261188001 710876721 828950233 987093313
461317471 141621601 671042561 769328841
142979557 438792173 603983711 813390945
394624481 119102081 866416521 739249301
386806121 189902341 853510573 500328521
244340023 390838551 953434968 919309601
245913976 76473609 679813321 407099501
37727041 96168421 635678001 363072801
388322261 169628081 684256637 821393281
535064905 94413491 939163451 333643385
264589626 38134329 435787633 280649937
158648833 510346769 721854687 955693831
4195757 258717641 62151169 895889801
137814763 12205761 536407451 524329601
679702521 685794640 965625001 818463681
293757 467205121 920167441 914337501
213529201 365268015 807774801 630510201
254164801 373736041 707441777 477861501
669158855 552837031 836603231 798064001
473947751 89073665 787357441 501917777
318006801 61093441 825673317 193523451
356635833 605181953 770175297 931472132
327952081 216573201 691495321 838629721
667975233 114507273 889400201 974350593
142448001 139063041 802364793 367967701
510591489 694595417 952076101 738257969
147986241 10509601 464749969 557540353
674187641 298863865 819034873 914529537
104206333 481276275 106194401 810038481
99385541 333477313 833148131 750168385
323584801 297974329 382737563 586232841
479673201 434256765 579429877 502756081
157838881 185618161 630614961 985888173
370468259 112874401 904808325 629074881
302515265 859147121 636545803 885618281
28070209 480702081 285004897 910741021
55623291 346567489 439578561 904398929
469600001 204844401 666658120 839973121
351263489 99463041 988012913 427995907
32632801 432767935 265924193 947729631
444568241 213450971 592616673 333467589
195320971 568442961 255100681 600641421
430080001 963596001 985525056 998406769
37691521 30977307 450450045 526495201
654298189 417847773 934343861 541419521
377809921 132731551 473220545 556963685
115141215 23988071 892495763 637685401
348998481 193196657 405610035 677076081
172743681 913624641 466782401 989709209
424744721 209631596 606396125 221378309
117162497 639199291 142783521 862676001
159241395 461547251 711148801 768443187
553496201 142750001 990513921 863840001
883885129 489933825 969550081 874725921
175415001 102672809 520023001 113926257
706753025 521979159 923499621 604937171
389916143 359970161 976946977 889768481
606672896 26369901 912523276 616248961
330143201 29411841 880978541 342168001
130804041 138519941 465890421 828896907
617599777 112202761 716596029 346101297
495110081 283779173 946897421 699337001
293691401 1443713 550508009 850885001
409646751 259662877 545052497 451972977
501712401 70000701 577725825 887192301
321094201 313544571 800790241 887725001
298162872 212621601 354252001 701660232
411770625 409747341 505867201 754696949
765999745 840210817 954228563 909038115
298760705 199887001 354519041 570757633
456676097 266039311 459807377 768736631
286581249 164114697 489318833 423334465
25044140 628922201 884375421 934383873
123404811 305291525 811466333 751435793
206611201 704659369 819203125 713093729
369407881 323931701 782151033 793844401
20198721 29255221 850854141 533885141
309194209 490446279 738570001 925209601
312556097 354442706 636082741 880069521
285648897 268712001 880503297 902189169
101588321 489332352 706607329 864047361
339726801 187591305 800346841 964233001
57279391 88270001 402178101 894789901
290489121 104308449 581161601 635661741
717497681 505564929 802981275 578990401
518904493 194678305 822369601 707476501
133499605 450051893 946730801 510398465
4295645 279325441 326827921 513936501
592965261 16994001 693309761 399296061
87490171 884256761 429486961 925126309
404303753 621151489 731231547 932712701
597289217 341280453 604787001 732090113
276050001 627545601 345500201 848838801
671734785 715201601 897440001 859447661
527494231 411258241 578536961 461735253
257976981 537750601 291261171 956296337
607508481 537348001 702529889 607027777
312588129 36801726 527884697 307490561
163746089 310761249 850087883 529938305
81167623 720481281 940149201 841934133
66327873 350405577 390898214 938417493
306242311 712446481 542677661 774204161
814786209 46007425 907614785 483025731
25571841 487261881 148483121 596792225
557178369 42828101 898638766 721616621
22219201 378883521 972276353 563129501
2560001 455630001 486750721 722075489
186377601 433819841 844689001 457354241
325826401 78580401 541894157 733579001
12381577 33279792 263643901 546094801
393612001 143576873 505978265 472630575
16058137 508023001 611501441 522134691
735670161 57510897 798628001 478842881
279864376 152529717 899822753 503823793
184948749 379495096 349867521 410078401
255857451 778436245 566159297 831757233
64774753 372335889 255299841 711288476
295413761 140860961 315636564 354351361
43668241 157219341 918634881 298158001
395402177 584874049 778924521 818675211
486061401 576719793 692708781 825011793
97681553 92691969 405667201 216843281
280125129 193920001 438650001 960878081
51527853 827129153 828795961 877625345
73732431 367289926 827022001 523801881
193188276 101524481 353591371 901089351
478429441 464239617 876441121 597994113
4147631 397858961 479331201 569769825
642781201 848282601 800816001 881784993
538152101 414988801 640112601 853613217
270885249 134325616 424163455 831505501
375358225 691378821 898061821 907278391
542925588 536952001 781206721 810420369
265595069 57616582 974992805 801658744
300467329 112505519 493071951 966218901
131296321 183453162 160071101 926979881
20349341 197047191 907982963 607692513
85919391 105163621 488200421 913218177
574339861 188656801 680128001 985217817
205648481 456083737 985365761 877188705
711869441 43713376 779210241 740682241
154480401 529922401 452977339 786924929
155585681 290472385 725104641 556438073
87934683 251473425 830887772 539985841
35353345 52366041 623726849 882459521
676002433 353283585 782958945 974632001
728716199 410016273 804355661 886316781
336103041 133543521 347845751 767563137
261138257 402531841 421418358 803253273
490210873 489335547 827929905 973124809
601740521 291989169 668482561 318756881
233088081 318338141 650260481 766998241
737250001 506115409 798507457 545370713
580419201 134671873 883691335 726814981
185579151 890624933 755809121 940039681
230107585 55824081 997612501 681740801
285403161 99577621 672818689 722979921
86735111 411954833 754640209 536221853
195810401 10781201 668224001 65254825
10293761 168360801 234227921 358362151
372800001 909354723 836105521 994818061
701718981 86408161 798888881 660086817
255417601 309161922 906642241 309833951
433019801 1686369 939718401 385585941
516033977 818803821 957753201 927389601
59895316 374417201 577086593 446894409
345652941 261744861 667022401 941426281
123516121 185783825 748291395 950463313
20938353 437980365 80922001 922174389
61921601 744636001 562641711 916590881
699607497 462494751 951747111 855446857
905835601 1495201 942801601 579862711
494546401 230359162 917436586 241476797
20684793 712350921 939816257 889760001
759839793 342084201 967724160 934074876
828812001 780768601 991968151 858362369
654090161 111545505 660890081 534248001
148407745 27123521 289600001 482806417
361675001 53507001 538548297 631542721
228646209 3965377 552730826 508952665
44053376 109196801 381740001 708704769
948480501 305054721 964161181 821229381
163001493 527005626 986891737 544539521
329938562 641858748 655554561 804435841
143317601 182271361 423205521 819787065
492677301 114160606 617834081 292073385
373370049 350855681 512412721 982015729
451407817 914665951 677680701 984741971
707553261 310862901 919942801 366156751
432742721 125837841 949303201 529170831
306356921 209980449 414516169 991267721
67987751 439652097 519510529 874176701
664291761 663217601 832546721 766653441
491411169 211711721 952388333 271244801
32573921 837510001 585170611 861676801
71682561 487468241 577565281 871443041
85054311 325653201 210731713 749825461
966231251 572504441 986377801 918827875
92734514 146752001 694249601 811360001
200269721 725020881 290451201 924334976
170669301 219919561 221793313 291723577
33456201 277846061 446863361 793440769
126322081 745885249 541789457 901113351
208731509 714921061 953939969 761576961
9428552 131622273 939449473 150935473
786128801 927777633 935206401 938612241
620054529 122548475 847748001 782803854
297432206 147935777 919482137 920877965
352309617 76325917 423097441 858358016
699894081 263408001 721737501 424171121
367041186 356637801 422655521 672639161
344490145 487056129 954350685 855806201
504989377 770789641 706734841 902466321
510282041 355674121 654582336 509854711
529643399 34913721 733748225 485003713
152353111 208948941 521370625 365401522
304047025 755504334 611256641 936969327
680159889 210035395 848835209 944447459
743452481 209860885 790423425 720107841
50546121 168121001 647101089 945726175
276928001 373886081 412034731 423103661
413282001 302726915 694120821 779420695
422254801 967733033 596125301 983152321
150403721 740322241 281248001 787546401
265368791 127653601 869176615 965171001
663737857 7329281 821102369 656159401
300885601 804778241 890478201 925807491
155020941 552692513 438873601 667906493
634352956 245257031 947206081 421749951
663996017 85198505 983156351 591780305
161456689 829875201 388875001 874722689
158567501 712525121 731687130 885723111
697029601 27477697 750049761 353827145
33778717 61967741 818767553 897791560
582800686 832393941 832804921 921142181
236046401 150874181 466816769 223699681
600758241 73872713 706459441 860822369
365472871 256830425 653168897 835886401
535823261 237483841 713631326 746979561
691038145 205014977 926314077 256193601
244366601 448059951 678291201 728127929
258981581 229336441 566231041 250751201
211345469 108056876 572751793 487925247
61414785 197279555 81186801 345873251
613610625 670356609 884772009 784917537
534310657 534244495 650847841 968491265
361570801 116054887 492353541 895526101
487617729 670412641 939149793 821368521
38108801 328252897 780055041 328732629
416316241 146956897 934295041 916085911
36044977 624505857 996122661 963571956
483525193 663026701 740250145 679292963
216954941 111593441 244583361 957609901
36601751 348183521 950072449 713741425
371168 66208801 965167761 986123777
257237141 285723801 857720705 349282849
588531557 83127905 597385801 168759329
100703801 335221285 232246921 860053041
32177443 584500316 425745181 930135801
181564463 419433751 287656661 957329465
110186401 327121177 826797809 732043101
248303041 568211521 805502209 840601001
55211337 740365889 316384265 813194001
369861021 496601601 380339775 745562921
247118257 315123201 550500521 882347297
191685761 321877157 514053465 729201301
343243521 122016399 409286145 906383951
106889021 458427501 859645601 622618021
387526801 247963489 794816929 277655041
386386001 596049281 437281201 727049601
99112811 895830361 682216353 912847414
132308425 791405257 704698273 807747781
49976101 244036577 57726753 277882161
739996961 198347909 802960001 319484565
599757777 263051401 674933601 994701985
100839601 43933825 957579306 214075611
769507851 538888975 939184201 884973701
515486501 904048001 540693505 962480725
244089289 127669133 567061633 579901501
480245791 128920601 773553681 382481081
476701461 64505715 853773561 986850271
438110036 503706647 855834401 962038601
287788321 414020001 708621595 938184001
181792155 46680321 830536881 474157253
334664961 259491841 859735401 497128431
291673681 181045761 413182947 638400001
490619121 3332551 587990721 144100661
166099121 839366501 750240745 839713205
270627167 262104173 783144585 519381121
466068551 302688896 990925543 902801001
781926913 590131201 825542461 913663257
230860463 13982001 856881201 606437141
143770273 843680001 210385953 920007285
632768801 388321537 984000001 748115525
209580936 341712501 783389521 966788353
659000321 33897227 897186237 669791441
66817089 76916721 534502401 326145681
40711073 382248601 573391101 569209128
653118817 33455297 970158601 492701561
454544527 199617551 871370229 648212701
322262301 715354113 988255505 720401206
563629121 210527606 648895961 360089521
393749185 510250001 873446065 821315121
476200866 862915001 589417271 931492781
322600801 396825601 871107628 751087941
638712501 143111925 777900001 209059034
272119001 293340801 414957441 405471651
420160537 475156737 497015281 810203201
417995201 435657921 658598081 693745526
761573661 356241153 894651341 957287051
9758126 205538513 128990601 435861201
422442561 394092113 895828991 634346441
450290401 232951593 789606471 272307201
178892865 614145329 368688001 809480501
27366821 214529893 698653541 954365729
161560001 184333601 420007353 971384841
579766401 143223521 971069681 221447041
77788481 713758501 918444001 973521761
112746001 350170321 817732421 703667985
189672113 244405153 560074407 838502161
1880941 160436814 224716913 551834741
196883015 328103681 869751573 695917681
252023395 382105985 616872101 424733481
258219601 334443753 772493711 452945151
613445001 407609766 903886465 476567903
83457409 183828145 585285271 883766017
438247809 581026921 497682561 733793131
23260801 185366251 124498551 221522132
221005789 109190145 569820589 803327671
269267297 437303809 334701865 967080737
528350001 278916321 640082801 751840801
538191601 706170081 859214321 820749601
521018865 188934021 699110129 556371029
29807486 24718081 74262401 481193231
11760641 288857601 109915439 992724641
212514191 188462609 888487311 544934401
200714751 457630781 697516609 568540257
82940508 703848601 458191501 881193829
341740161 26582961 734468327 151301289
680493345 13687501 849441513 958809831
30533297 647028089 514564951 988453441
258235961 245215849 345556421 707004737
86396097 124398209 194421873 846997121
167808241 541144705 367241265 790653176
322911921 291352001 552760831 570137057
127822337 130143233 258661633 957877561
593192241 808856737 671248809 872918511
146868321 326974509 924312001 481449441
928596801 391701761 943664429 520011377
79186601 831346025 346508991 905653701
593348809 94951649 688597791 175415297
814542349 200627901 936814593 862095841
147725856 282046401 436886361 393908969
198416001 429615021 620561251 778753853
450857521 105814401 722639801 609014273
847972021 77636281 947788161 749424001
775997697 365526077 819276737 719230721
368323353 407724659 385964741 727148205
362526033 480552967 743392106 966731233
130527505 493802813 405352051 908162025
137863857 332809301 680823423 934561397
593224169 489280001 771769601 656787501
630753921 793699249 946242571 868162041
123334781 520540777 345509811 523877001
287921751 133999361 545633757 578520001
74958601 256819221 465819831 549250481
128682825 769698945 580972897 986224289
334643101 431510001 336665889 858790244
293378403 12819649 804306734 368607883
409416633 212648729 735787777 382581501
326869761 333411937 493377255 469417281
92560441 219634593 543538401 678768533
55865597 643603701 594638857 970155281
285835001 386615741 527057831 832581301
74759681 611475797 146193811 939457466
35709921 267601251 188548881 536536901
235700590 246487001 252501336 252933921
8588451 154142849 559773249 230923041
121577985 257083201 216006665 479430817
735588357 212363201 860506251 542856691
156791361 843085001 589324469 992458201
64234513 820688001 457225397 924335761
280081651 91061676 902588801 662466801
215045064 39998129 432819921 363116425
134338511 741348891 371290001 834585731
447912961 12896001 764595201 868971281
4784961 192856681 712392715 820967169
360761251 372477401 398754987 507123073
332511549 292815873 847851393 829941857
89280001 167184001 450652336 370178569
344688943 209134413 831092769 572904149
9984001 5726361 654865601 522455201
28329761 207021481 852316991 750394140
484925793 210625281 739343873 784423321
508807456 105168119 637620801 283145365
430009001 270419169 904931501 653285305
291496251 383362001 966533841 409591361
534049601 266624001 807586209 562599364
189115176 403452501 434746625 560579097
369467241 450467481 420497921 667630827
264715891 206471281 685129236 659940161
653332473 341795201 678419201 394214361
222937601 200127937 530369185 440082893
171426817 291059777 492085585 984876801
424437713 11316033 958209121 455815969
593986351 276073161 663086081 885352997
727591824 148479611 875866401 255424001
249860193 432687061 811276857 635427001
327816873 326940801 870151856 939776801
214159811 560865697 645551461 736145454
732097941 286193005 957453761 776751617
403602801 446467051 438209091 868010657
329425421 628851201 647708833 937862161
564762721 323982501 808868561 372052061
421939201 647632001 679355801 891168611
461266876 28974161 572782586 606847713
390172766 270939009 744343001 652593751
12632001 87381951 971327521 474490120
458534801 270854801 681607041 850416385
769503737 359423821 794744071 762401345
182781951 535503361 760131801 703689601
420285035 55986721 461488353 467477121
101938001 461366945 703482777 640099681
183885901 216351081 815030401 382433121
280523173 411123201 417752865 629055175
334809446 286081001 510242201 412406401
231875001 524370341 656738161 951359441
253172785 797927353 904154305 891537601
14007745 253198521 167549721 549889611
123744977 278594501 744530289 686581155
463488001 612776401 850328901 633896201
685992001 323202501 797385345 479460241
491014551 322490501 686940929 762785601
519798201 448785281 701090409 777035801
28463033 48190081 473475178 288744705
6950851 81098101 94367799 748315489
233317121 225031913 469731249 316703321
655793601 411867881 974286801 631784641
185706001 724290849 432459841 948992827
423182849 712771231 866344976 984811669
56193793 897804741 958706497 997815941
439924381 411216705 646211401 836935901
138998313 536817601 902642841 679383041
175372501 124946401 801566893 836509281
562440241 203015511 713615606 907627401
519149801 729451851 555255106 815134721
216799258 429678033 334224561 976122289
132564485 549128351 623686349 770260008
119838797 210902353 975042881 839594101
854219169 33036793 854515201 254658465
275982401 326920897 784875001 629091521
336860993 26059241 925518121 511074711
129939537 129519681 743426912 363642991
10374121 40459401 158706031 833016501
599356801 374904605 893944985 534952441
615040343 393194661 836991489 873520981
441509729 281610561 712483201 372425681
341431353 505779553 962656135 782695361
100622741 229886001 759215401 539080001
79750973 250711201 280078261 952052481
413803925 88601857 675904001 254043926
707811129 394890081 857800371 704750881
291632323 212401789 922694841 643980001
91927801 322626873 886019376 547907161
153160351 320961541 712051793 759265961
512935497 459023751 810830921 652174801
146843937 149904349 966652877 647447265
441879361 302395393 723307181 838880129
254969265 560923301 859566201 920414101
66077121 678315211 970571265 772301761
146359897 631544729 870597847 831412321
177239145 489604084 389810401 830718745
458856378 117500051 876740937 292898501
547211329 10464769 905064517 308388801
402642305 126732001 684793066 316014593
269590491 386995169 331038801 825865509
749680749 461323201 796117376 642865591
310632251 909137937 502343731 995472961
207505271 47098677 630060481 423977169
701681041 624989057 845592449 715971085
401373681 288190961 725236137 899853377
599565626 368930361 759637393 607320413
58700001 545241601 384486141 644551681
20556441 367705609 702276929 760312321
241732813 55387243 587133265 220290351
790432001 445026223 889593596 802958119
200125729 150218265 579451081 422597217
561889849 952899176 634750921 955604701
135673921 215408225 787184561 271955841
267783961 347407351 334785001 968051377
4580001 277907403 766527073 745078001
662677657 435006161 967578201 931147993
755303111 583776801 773859521 686374211
370811681 401665225 737290809 539872951
543780065 395474441 758326993 498785601
100972161 698407201 583507057 839537153
191724595 149418344 279834889 408481781
206883405 330547433 400920641 724476689
327280001 155289601 684784151 776010463
217219181 359684501 247359489 907963001
48690689 351367197 820310445 738779841
798864641 341993729 849628161 410152181
208672949 96860481 450300993 778255497
434811901 546285921 835903751 549731201
4977715 438185745 836536337 661613401
335069576 363870776 754251041 753088001
448477201 474051585 514607613 821262149
443307825 244465001 688991441 339811842
722681325 353129191 906763121 872864081
186176001 97390241 402869478 794693057
215770748 74177001 219638401 979133681
697804353 33541569 965725841 623565041
91392041 730345321 187874961 892332901
299500481 476457319 645025453 574245121
105952491 457246629 866271745 590172001
10480751 592973553 783936001 833432929
269086721 21139137 594106349 904834278
246584781 59384417 274575825 663035793
312072336 400398305 950675505 543812721
486857041 560991051 614893701 999322625
610084986 362369900 897392257 564647529
509596001 506412161 816513929 962264001
204490201 93779361 967136801 910424121
473397601 939683201 532663841 982253601
189894145 377061583 572642801 867773001
547518721 175920769 745087769 961293921
383718561 454822657 815488001 486622801
314651241 871415001 795496961 953042241
131323391 384687601 476871201 942279105
20314351 74149505 820444801 830577001
644223553 186017161 909734849 348472841
344880257 445015201 590372977 546130801
57802309 143495243 97010561 147805601
803568861 462673681 807315661 893509761
462026001 44182385 517663089 721997443
648720001 30130143 742004881 925219621
47260145 208478001 894820605 445076481
597208501 126309891 912168961 372021025
451567601 630224001 535350127 901699937
446882113 159690001 697752401 443900801
82798691 405591865 452743251 767421871
700845313 434117537 938178561 730821739
684961921 512133331 884120161 588629025
313367809 385764529 482276041 720355281
756368113 411827841 845460201 726195481
10124801 296071825 141408545 792202153
256937881 982485 682579457 129015721
620514241 323980101 918771201 577125626
112074115 299092705 198978601 849835209
304142007 69166721 861353983 743658561
569819777 44173681 924116481 996167786
50323461 374625601 93114145 964713121
229033387 234538457 899981761 802288901
656415401 368793341 898287601 837749686
22865801 601974785 719496001 907121601
283463041 311965441 448840209 976386211
713881889 4054321 889770434 868670297
477916626 671467777 626421033 956059900
362529281 301934961 943659917 736792457
377600001 84275401 472711449 191018368
837206301 183135681 982180001 539092001
298383603 304483649 554997856 822346401
71544001 505402975 804939603 832793841
755086553 472394001 883405713 768313651
357292033 170778557 602937495 299382501
585724057 132836801 665450977 224828609
476257025 404648641 985245361 817958401
763275121 945119573 953332225 977794301
762096641 66617801 775249251 416034571
591303161 777919489 632616785 958755601
397884697 354767261 713833001 573806593
150312961 216907241 558415681 352453013
151354401 441017501 441929361 528561901
148864131 441144829 739628785 896792726
681469401 13304449 881924041 236388926
283082556 53586197 742966801 310949793
342622977 42893001 971118549 66279001
59129121 91643601 662458041 507564289
192966479 23387617 718753901 564536097
505584721 314463861 669864951 846560353
94781361 450315687 934773889 618990841
284155481 498930609 980012289 679698577
685811053 694253289 826753541 806523081
514560201 70748727 559944001 548028801
486886201 291585465 515415601 367303357
562629153 931678577 630405201 961113221
133883001 619276001 656888261 776270105
338438117 133467025 946207085 326765825
565675697 675372801 929370696 932575001
636613633 540103425 891822697 657643501
642133381 479198721 705247701 607601441
74222733 268483141 118619265 471422861
225625001 676541573 714793751 881192241
436855717 70619753 494245889 360857761
43792001 174638793 637581409 359122137
637766324 46915601 700537337 238663155
560697825 392387201 945214756 462221981
331909441 615077377 407119097 936721399
397036993 12600001 755040266 575011361
8539275 528017921 531645441 909470901
111752721 583114837 959380261 791243137
411351301 289876281 417856001 619608433
224188801 262029626 931546801 357227521
131606861 663524001 172887551 866237201
576584001 82171201 794589359 708446721
61490369 89850641 854180353 143880771
382749541 305494569 985753377 529385597
13485705 295278947 605867233 845535505
797566094 229276673 847436511 459677393
165835013 249297897 465390657 807782441
146133201 180046001 303616161 776790721
558314361 86590321 716332481 201667673
22333056 920179113 599689221 927979026
272335937 465862701 419384001 982797313
162457751 289858465 980789601 996785861
4466177 379214299 706189101 774525948
553675383 624908801 896569041 793624249
654252385 153508766 920008281 942317933
611649091 758196450 943632797 985070081
432463901 49459701 637949481 268256001
769111311 494650081 776332417 550169601
123897569 782085161 389369551 981245121
327332609 439267585 547876721 829952129
334022401 646235991 816742081 715576801
348230829 778406663 755025409 924723489
832742001 755804881 834096001 896292675
313858047 190824721 351228173 394745377
494763201 627028751 713503825 995665921
728736965 123296721 814670401 883816961
649049303 297977085 740972201 369209761
164000801 838272523 888251201 864386001
372284801 164476656 797316251 905969601
290568001 560201745 545743361 733923841
472090241 570019901 583375001 750124161
243120001 175380547 296019212 675002401
191078721 525447553 197565201 942564151
177078793 132195769 643046276 275040001
291220001 603776001 851114985 889940801
204612049 46213736 661233209 566797606
20488769 3437641 483823849 676154077
73642801 561472045 938059471 824866273
315481229 263866401 646927041 577498241
257781601 919484783 299226433 946116101
296121875 13011821 402407977 787757537
258228418 192425001 757201729 508800001
111343731 198384321 836642913 450781701
237466401 448937001 961921717 823875001
248974517 569101621 865584525 853508151
63546369 616521489 240425609 887338096
235497766 235635001 677270031 461722471
466416801 78061289 939682369 347034680
457161217 141511481 916932153 739320961
33470881 310200001 526433861 855561217
235428353 15236593 665893761 91932773
550492476 624757761 801767665 956466001
531713025 539243953 581403326 989962241
505922881 365245761 809596425 908645425
273140601 375293401 691881501 771674001
245125337 498702801 342413201 694872501
468000001 136780093 639218001 842560801
39321886 38977761 824541601 245262811
297383801 395407289 965308052 560177281
540481605 422065025 782493001 884196858
654214313 514072577 970775201 545530111
205883107 177061081 805462201 711754121
312799801 320196561 615388001 533223935
64442401 316074193 375209464 939420281
194275041 87951641 995001251 316184674
508803201 118037057 896631251 562854976
3628706 598684741 75043001 708462501
271307761 532059698 831732681 679827001
47543505 950799753 481910273 967422001
362443609 3808191 949529621 807253851
26515009 106704291 957763453 586400321
133964033 682839041 410362961 956041401
195240621 35574401 670904151 462085889
261391361 538911601 353104489 899006201
788188737 478744945 884558369 810674637
42075345 288893457 325518281 561159681
50897236 3085301 360740353 299564289
229747101 130748773 538317841 963257917
485278873 567260201 645306921 922222001
118315561 521431 651597441 239534941
47230993 119281201 852886019 430124175
101046465 241839869 589375628 684149841
168097999 195536420 672583246 529699351
29929305 35742895 177602581 96838401
909593899 588691001 936878561 960831801
420480001 691062501 498695681 974756761
420667885 179554785 940186501 331048007
126176961 606622369 350347393 662417609
419155057 239424281 923985521 590624001
316170676 146381101 930076849 920622881
472486401 62998601 764102181 762239165
678113489 230912727 957437431 264250099
262468961 324277763 786406401 963212177
188327105 321805769 559713437 684646801
180162689 374774785 233543473 799032501
6788881 10865741 673348501 436630381
526714417 527818753 647590337 799566121
731817281 715932701 784985601 893563621
460400201 389088241 910064353 688522881
57809465 692000365 298387581 979261441
187938401 662302385 305480637 763204041
721094861 567014721 750761291 868192385
227920001 105706969 691420866 276968856
325225689 30230751 493446231 141101569
354742781 724573487 665352369 870157931
422920053 89202721 526683701 689430849
61224811 150247015 223171361 293090425
380089055 490336001 393003377 874997921
112552233 704363701 953573137 857105681
543671665 120546401 871852251 803290321
508376289 172069121 827691137 682380801
263373437 364454801 700044801 475580801
109289189 78337121 890103909 894716530
291775517 357664961 793811281 825672140
237906001 135888849 557738941 591241649
228629441 531782001 624460975 696557221
246515713 96781311 378281521 181679601
471688641 236480577 652342753 842695977
649406261 702562353 654886657 965643181
179779601 284704001 567729281 641757707
453546751 332566001 752174587 432542225
134848211 12102947 700275001 278191101
158543553 881970396 523354643 954256921
300861633 135849093 354783801 499365371
564183956 194654611 743297921 931040351
104894033 348498141 340944201 517451201
485674876 859288301 631185301 921113901
144828881 241706826 543720395 635064855
256936497 179815001 586759681 470718021
253599105 21246721 747586611 805635089
514594001 503103105 753282001 756955777
251857233 78498289 443301781 804909569
266704556 32542601 448316001 197043111
129783621 195091041 190862041 938295973
297769901 933850001 692234651 973305321
418428844 253959776 931289201 384435201
151916049 437379441 802413801 627654553
422076561 416624201 945402163 630384541
885197601 453053385 968977501 791617801
272531825 782857213 297659393 883940161
52297985 291193481 269324625 603943681
22686029 584476161 621179225 628036631
568612361 46193707 645237521 769186501
465343751 117470551 666362973 940205266
437907911 275471411 507816697 835269121
219050241 183942161 393441051 561598453
641921025 576266375 918370181 602237501
48867201 437683521 137539809 835288829
293926491 109983481 929362431 208836561
575760485 677980505 952377857 900145626
99021881 166722961 971794405 902461121
197818837 268295641 595682937 621727745
6776251 592306406 773278081 612325865
251287781 167354921 668114001 311614529
12658141 80763521 227777985 469143001
138784801 104720797 918962001 389388325
907877421 808183372 928425473 883214897
38706657 534000001 545761281 615884157
127103046 214823993 965869441 277761401
763905793 48468681 834688681 669250001
515667809 37714281 615352748 702993791
223934801 755716191 936281633 785888129
84650025 726008621 413010609 972263361
36638561 49058736 552399021 149327201
301757001 156987183 750550721 738417761
342784721 525406721 859809251 559401601
133202821 419417241 210431141 933990441
52296449 624205745 321706225 708748065
263944801 380254193 301731865 396351251
430118057 292710425 914302561 447774192
332998561 476690881 357983445 801850177
73327759 754800001 261746001 828199721
723840001 102585776 779865360 344721109
33294721 478187281 964333441 848856577
918666401 572400081 948069871 832439425
246176081 521309161 903981601 850313876
185704001 652653281 291029321 937275457
3007537 358075331 116090881 531781506
837980223 604758017 847539858 992544721
123172801 563856201 280203741 884244697
366808511 592188951 488464917 982524769
348069761 223329505 724027191 454117537
315587659 386182401 743329188 974599521
25581345 456731553 918784881 543037057
282832281 895037601 693991937 992413313
107963441 180313401 156213303 385636111
354198729 379080737 767705089 657242121
349052835 861248001 446158301 969598081
172706921 13962501 960016993 594022081
360433217 629549881 793574401 910244613
548430041 595375896 694696377 898267137
570155441 799459333 744029171 850476529
155493501 229983681 336334701 507198849
205998541 77726351 461565185 930484971
88427671 273489241 725495401 707085646
219503841 525991305 670081537 861489353
336325241 909694945 623206401 936564033
64163437 344513081 504752329 925649421
601986385 324146773 933850566 989710481
103321 23915084 80969491 484267841
372877402 166599881 803857841 678086491
197034201 545678081 835670281 696110081
336224601 44988033 787688761 416927591
614510256 212886417 794081281 468163731
48384451 428391027 563491761 827955263
446116785 613816263 673428225 944696275
466498439 21269380 988890721 194948369
79900530 888813761 208000001 913083825
420777121 93531521 903720689 974482801
133665697 455357505 181041961 931845861
487494561 285598059 914033201 656728817
328252329 59701481 493707041 514538001
596978081 193167873 878397825 715912129
455267841 75138273 710353921 440752897
207719041 138079055 779785601 517395171
378304134 450234807 866235661 694721601
97491281 33968487 119216561 486747561
457099681 494806221 707352641 919383404
134866735 669132721 465430101 758823505
154243085 398802085 703271321 661875001
391790437 438594689 432102721 798081745
432656641 454990601 621414401 768557801
320347201 11165041 507374785 102135729
236111501 223440251 525393601 229813321
225248801 326147271 779494321 635121995
448348321 212637521 542778565 442494551
241918001 700672841 282393554 874923777
137073761 319436787 535603681 602334113
6510081 846815681 602103201 982543137
197572981 89455541 493728001 599173137
91302041 666136441 710974001 905056801
28312385 692825601 511385041 896498241
728121981 268342971 929951581 368341185
921011443 8316141 959051622 235482881
922737876 47059037 949127681 288110573
314300721 280753633 910056251 555771677
213790833 41038881 798486011 972935001
576476673 394356417 791090641 412241841
495006233 431724321 731880961 853679206
67264289 243151343 472423401 780147649
114368001 829661697 312349601 955859481
223240449 403514881 366813329 496769617
131489289 564185001 149073409 567872001
107282146 26564927 399188481 216602641
816973931 757394081 937850145 842636081
468568751 270871429 609824001 773312022
506904269 428668775 936451201 472652495
277468801 213870753 338846881 980496341
258821501 563104001 597423561 795450433
521831601 82198101 793001657 350038273
274927201 635662489 280982031 816049721
366670721 12548745 573180801 911064113
758865361 398878461 849470481 892676721
37109649 404688385 90125313 615451281
46228401 367383981 534229341 588713821
789121841 484824081 830920751 626319121
184892241 343964001 955775001 733376561
235881947 222726977 587868225 298675841
117183601 155266495 854859421 873279909
358123736 396827777 497787761 487483201
98119921 140352321 533544226 506387721
74649701 320827921 286406449 393056001
724099073 247894049 911535505 431632629
26011356 345536001 113021501 524128681
41360001 464542977 934198777 485756201
704249081 145767792 918166961 450444233
579791851 33488645 787654726 827737661
20301 943885721 485369985 951247561
106416785 327657601 131614113 540304851
16481441 454920001 527216641 597258273
4775702 676762553 404125529 731497451
131908801 296710701 575151671 385082951
388030751 2368161 866147241 145226237
84747161 221733889 751670065 858955841
364926209 534502561 365910801 782011830
616945661 210821377 621614446 501681121
357600001 613070366 522723395 910166417
709124801 880237501 857923581 890540033
375498561 829650721 459112929 878625441
87368521 420434001 228633169 524852993
542710785 251730241 556503447 704938209
446847751 561802025 773847001 951179453
455036101 208852161 816708353 425002417
610985193 706514729 950796511 764253837
446390444 177373201 979227321 233199601
410089361 138201081 695778721 462706385
627645089 114657313 810216686 484912613
100070577 420390601 739241539 915239101
181027979 398058949 382889313 882206513
779533057 244083681 953702401 465785793
638290626 123035649 813312001 412761031
354329025 56218609 627517501 281755411
683521 161146857 119927891 559782481
924287446 188676317 965065205 191901117
260879617 262827041 670867833 887020161
314908877 90735582 812650881 573111829
402824081 169916251 844323537 279797473
489975801 119046081 970724769 224444033
122983921 66729473 417721057 962298626
156105633 20858805 691757121 397520241
842300001 133296321 901497153 695883972
198474421 620855225 498519329 642204603
82511925 359713777 364508401 500948591
75830657 456981969 949246201 914276171
766742231 90757737 978427106 158524593
14911361 92421441 697595297 557135505
245406441 51555201 370670549 242707241
180772401 66423899 899565421 938313181
364651089 872534881 882320209 912443841
402528701 342055601 750213353 863055971
401095361 324343297 624036481 649761496
631875201 345053393 679299833 821563681
463620945 589295701 496363233 875384553
384121601 321050273 510524227 671035201
93585153 686295737 416975305 835474361
130958401 224578266 136883153 863418609
94829069 303537601 368615017 543576264
752499851 321485221 907948801 566441921
841520001 588543377 979416051 832320853
521373801 119461856 811692401 270564641
598480946 137324569 719446761 505636431
110315921 316306401 661787565 929967847
267644001 143452011 943493985 364395177
288346078 384538913 923639233 445892449
515212001 283885951 952433727 524709605
252976617 805200659 342080957 812468993
123682961 258762881 583305050 579510471
27811457 677156721 216661561 974996777
260942393 465345153 709138457 607050001
467154987 6666341 920366001 658884801
156628105 628503684 600526401 991778465
150575091 229241601 776998881 369704705
718439329 752294341 965176321 908667025
46092053 62094401 670001537 731927681
72823297 345093736 578761201 347709201
633132269 304766893 714370001 799556681
262958841 778732033 317982209 964696835
73195009 394765901 905000725 695260073
180196801 175822551 684092337 805466951
487711329 443038126 833734757 756535001
772737735 452910001 818850001 574605397
411337766 347133121 678037225 997833941
557091641 422300873 731654401 450422185
315708961 895525113 889305081 941785676
632014401 851698245 871936001 967627201
490977201 335044601 597777793 530702761
170687201 94748701 368262089 722840321
234121601 32328481 995326401 381775761
216213969 522424833 372378841 586119851
455708067 690218131 763501401 710517681
361160097 560331065 946264451 959050096
57572257 265522113 851907725 896155745
320678033 110602631 823918401 334607497
378804721 803556651 510672661 901130593
169082561 218828145 544563705 536602945
399234049 239970593 628396801 475916689
553182207 10543129 839129169 659053742
323988847 445145701 947669793 780329121
380179581 563167409 445338241 895272626
331722113 33066457 453456501 436989281
213094321 374178309 858676865 707082121
654998841 58611201 924681511 914445921
203654397 511405185 230489601 865332801
13621601 289084161 247090593 909320957
414591951 174351001 978027521 372480401
676173801 343827457 758919513 345022001
280940281 248034941 783010689 741031681
373544665 499428497 623024021 774981921
679186829 620276801 931589377 642722817
395600961 24884041 399677185 358573781
712766901 135574177 887416841 350893501
144500001 219773733 648097489 323541761
649079501 3498497 736981761 577334601
411106201 97472001 787879801 563218361
708538531 126505985 973437953 581220801
488535681 199013641 732344045 216007837
766716001 432723051 925324437 928844481
250308433 111667151 974954497 904747501
254586573 394128841 847746381 552120539
351372069 537618673 786596301 719715901
306272601 310878501 929141185 396724137
149173216 516367681 715718177 552330401
137299521 542527141 611148001 741472157
483666981 293759129 728440385 763124856
262518001 323639936 757364993 432665201
720030721 190344186 894068731 289431241
193113153 361966296 921582145 449405569
54196847 285122561 971024897 399500001
279368241 484546001 565067001 869836705
118857251 891729441 686358657 951188241
162606633 12019953 893236001 842964801
337545921 84973633 869528747 845469386
552455297 914897633 860814865 995424241
538505633 84319745 647094934 176524476
180209541 811722401 542325211 978869815
113354726 96412001 714997026 845047691
662893953 178326449 702233617 316590001
78404881 102407133 598437571 512755201
158041921 441242571 368821751 449345537
133591489 69981796 891195201 274250141
127489121 231320761 741926021 782875345
235901601 621821637 913883825 829512411
120547593 639602497 458494330 938300001
63852801 191260201 317075681 967992966
863668117 680835921 977255985 919274001
249151361 17599489 790201913 681481601
90000321 834478145 253898441 906686161
521220066 606516065 674615297 819903361
121605025 368333771 806447339 650536871
319346113 885320321 898699441 982225281
120453401 184674761 191026753 401665361
107607817 338205249 117466885 701255676
127972801 937496311 678092401 998470271
789827545 329843113 967067721 862652073
108838601 210308733 111731057 959160321
210735505 411120501 624076501 411756021
207961757 638605681 475103329 840870081
344119746 379113601 863665501 616373601
410719401 743413601 543971141 822487201
368457969 257733461 777919185 940611901
572991216 48931451 748624641 863460097
79601121 523458751 938930201 719449841
832168501 68985791 889942129 751727557
479962945 485098321 588156481 577107218
541634305 100483841 589321841 412337524
83577651 83285425 259673696 640681001
33649729 561895553 882287641 686033409
255864945 439022561 838643201 808084481
429264333 383859041 957755009 784399021
154726689 463001009 869366441 748745221
334416761 321057281 452147441 444565681
306576641 188764897 638881326 355947682
4119649 216660412 875861105 609475521
398183681 450105345 509225985 490391256
727468213 23291639 763450201 251373793
169794927 874792293 381360301 888439073
891637121 620299081 894060929 815398142
202199145 414082433 901538889 483838745
146726529 348723101 274744176 396672101
335991131 355146001 683790981 365323530
379996696 759385089 744602641 878666993
139923201 904880001 266464001 996139201
177223051 31469441 964853246 375546961
366284962 653178177 445182501 799971793
189630586 1876505 240448160 471595460
339749101 682634401 478726929 822547501
279340021 218824401 303840001 475303401
284593751 59733883 793038801 798627425
345399609 387187969 411665707 477045697
191903641 323848437 453850385 339222146
139980769 233228001 917882513 526735665
10100333 347626185 38851408 483169001
166531281 215154753 920720297 277912041
230016641 94539674 558530033 707232641
357153581 79979301 398338407 879894401
617491601 48237313 958571251 327614151
343828417 324128865 449428451 832481601
82954429 266635841 107904257 757730421
173150381 461106913 520020289 471387240
213693821 678272841 805659277 996973031
412331221 561019444 793291761 998255960
223757169 525120701 670710001 893763761
410897153 17624217 483368961 217179381
265773851 680585761 782937761 764697881
140572705 389395073 238364841 602409781
545004801 802109201 876585153 984845761
764167425 104296601 811284301 559403433
263650275 118848001 497918551 435868801
77873701 512334561 330646665 845672529
258778213 60498783 763136673 441546661
74249501 411911361 727948481 430378751
4073417 185746076 611055121 213461697
393333633 328445145 917497201 653240505
870111761 248104169 989096309 980859501
533795031 60936357 975620961 713783201
355302657 644986753 403360337 823453697
672630801 207927481 841521717 863245481
696995129 100942771 956955051 102541001
381757025 69286401 736558441 584964969
592582401 708295201 598568433 898105871
587011421 266750561 927090623 493582817
800366721 505941361 888643101 800513617
319081217 492636785 569950493 886301937
523912576 286050097 932257681 913638401
181739601 324798625 701028193 739702721
125124801 803176281 443201981 804563201
760023601 116683901 953629889 731635201
202757279 279546449 556191381 556106557
449586457 233912481 508464513 591592785
1280121 510683401 823404657 672508161
254560233 294670873 409645561 994004097
48592409 551735201 239920241 823415363
267628289 208495467 727618951 569422787
714499681 440573641 891770501 478615361
380569654 348545241 458413401 549020289
51446197 353260033 647642121 831437801
612506745 90889817 638110081 877041121
276817985 447365617 830370001 831925753
414860801 256755601 588598401 845667841
688534921 59813001 904762721 162950849
552285406 174078657 768941981 876308981
797442001 596335201 933992953 853493141
532090701 618307857 643915601 834450041
65873325 489856001 194158849 980600641
9925121 321381708 769215681 516703969
696989441 347625081 967244605 503353601
172866817 113696769 807479041 806198177
827354085 156305301 911754977 256920225
425367759 65019085 967590401 773697281
108060947 140857141 914631329 851494777
106046919 672471601 702116609 900438561
223643751 691433441 925251751 704053777
41048449 559155041 685193457 681492161
556788777 220747801 712973238 668387361
587463101 260893100 750485074 804677757
40000001 293457121 742161525 482218451
399389751 351995121 474792601 498752411
376420881 12865361 829503617 402462129
61263009 664738697 446442161 712830913
74143857 343147113 950526721 575973501
149212461 187048981 893224397 497662673
563391601 103496601 564474851 510352670
435593441 115246295 509151601 363965041
706772681 750674161 746827105 970664771
160217145 254089741 609900568 360624497
964782681 267668481 993106369 964660269
173605441 265973441 374100336 592163601
108713517 23008641 714740961 883289308
579722699 233040482 738245121 810449991
128907371 579082001 902004801 643777505
159207669 553786881 728887231 609529000
117141441 259947601 462122497 964610001
43393201 711255881 635956321 879168001
208477127 107519561 984666291 824524241
906381601 712428273 909981501 928276001
295289061 151105657 477591169 903240961
188934899 688309937 401139385 938739873
114789289 592508236 310681825 733523541
616822529 88568513 801118337 93256151
233210001 331812641 588193801 401719401
400849381 370653916 865253841 906862101
258025573 5816129 424595777 14880451
281801841 452361057 819170445 787445953
78220337 332904897 407817521 627765607
625016001 160536956 825963745 846833001
271042896 256855041 363885681 616451601
687228601 113337761 962983345 331510937
803538881 438952529 900492233 960592601
372034561 393063849 702632821 991881245
643251209 98509783 917708745 153291521
260415426 4907201 989145741 901067181
128449737 688805901 737399601 837782771
504347201 92490785 601142145 629390369
18315961 13953781 832325951 364495077
594325001 30389121 611749271 839115521
101712001 396629249 669883665 882192753
421314146 749250271 888480513 975136601
733813361 207775126 844927681 311066249
233043953 92874551 509679881 299313997
570236781 576383811 697340001 687448253
284172203 461023693 822710913 703732129
680509819 209224501 818642241 421703201
330172401 500391165 557936601 923651201
440484001 372096041 591400001 978920359
654435081 166159201 906135146 365804373
138592195 590648321 493630001 864713569
98704901 206821081 940654081 285250001
322132385 131865601 704211749 954496967
228537089 84381961 834987545 805721101
164006977 189960601 178992001 449600001
552819819 443979861 731439681 461627993
303360711 348394071 654203673 436869001
3706841 529717981 662151681 950632171
5350401 632376481 103950647 875397001
651823257 39896249 731518901 106770501
362446867 847391721 520053776 851947190
596393121 67259905 634304173 611398311
540486529 519735582 971981629 794673773
356472053 397016293 693759307 724198377
567644907 303166209 807641585 837879601
173802021 656515281 937564385 687384705
221616881 365871457 630819201 707963497
559339641 392589409 681640001 827405561
832540473 185774241 980126017 786228105
389614229 745723161 825373801 827767857
375090385 132712743 757803323 589400001
476049281 236185661 503246145 405199691
264369491 177152001 410337871 600223325
25276001 945152001 744408921 948069676
119290467 206835501 598778881 647747558
300710369 324799951 380600001 821360726
880237741 894472449 913274705 978787201
11331933 30695571 661770225 151759281
511543801 706805091 836309401 907098109
8047361 754512661 452304773 862090241
375810641 91071217 461740161 575048001
174520705 454105441 516853153 945101901
317376001 542177485 368257367 792164061
847914481 61489601 852155001 153338501
21918361 43425343 703439261 282376577
122282481 189943701 739325681 287563326
178893361 496112129 844027657 878500726
73483401 324243537 852528385 954540737
669287877 287115521 695302421 740941745
482379221 17217664 797098435 29276445
563949841 172553387 721877061 797224961
6750977 468458326 345148201 543732003
13816641 20127121 137498945 899684481
111351967 653147661 219410855 934914717
282362025 328921071 889078351 540974017
308733489 478980577 468754641 684235876
540287489 719658097 859936081 958395037
574406833 566490533 769808751 671562421
157132801 5619701 921229108 290487553
87170209 697398111 277169045 774087743
716174261 474825561 853510001 618860001
285319611 11322001 856145612 938848691
420634001 62252001 462766081 871522301
33867606 213222081 722566929 870515331
764064401 191821984 858187101 376763425
438040261 686074251 652981177 904667901
623209409 844218579 836650581 861885825
359743001 846385153 653043601 997605505
51275457 303433533 978945327 652624641
694678141 398415911 934263201 524979701
85328729 282521585 827449641 480679513
217702721 122860545 572630241 167343913
49604321 193466185 853683749 346677367
142742751 34780081 613436241 389698321
157885177 9344001 272247729 272188753
135399437 44795401 346837641 160353441
665179746 228431713 823375241 741430321
539318385 48498513 866576641 246659131
364529161 622818133 463056751 701365121
149634313 331103321 908580929 672757089
210526001 256189465 378078033 396470841
494237709 536055143 510688737 666455601
366734337 836532033 783634113 885996001
412332433 40345825 482966161 170795601
162744289 628915441 548881147 857340001
124510481 166103517 125254721 546072001
210773249 671896796 570875001 925760001
184804001 47423661 387700581 978006671
345455681 183961081 891705674 715840001
723046721 383641171 908008101 789279801
85044767 8196243 891096001 126050001
403772641 634014777 573038913 937190086
31845445 437788741 627436641 995100041
752713593 455687681 792434541 764559361
419002593 186747121 654066331 428817601
55898801 395497645 946716901 779560426
464786905 96059810 799272705 323320281
6636801 370083725 969348001 670816472
398903361 295323169 900961953 649347501
373472385 98685171 637847261 977097993
491348993 532269521 615297585 890147201
696666113 530691825 777564237 618807201
289872617 37158231 704290101 469273457
523940241 368210763 639966865 782665281
370157901 831408521 564571587 934543234
121508689 522622981 377464337 779588281
81558033 39260929 991060921 843636811
251376001 130407041 809436891 952550851
518279041 153544993 997722113 487062785
382449377 18195193 783163595 732632601
259049406 691787585 717519927 909953041
264571321 107072921 471222611 908549107
64364081 371785281 609384961 764106201
101372417 99927041 747676673 405802497
221101875 135112501 278165601 706886725
130750721 320011137 508627605 912796009
510810725 23728321 919305737 454387169
70820601 783002881 973224465 905213377
215556865 74053745 238379593 242622549
575549777 161486985 903698133 320979969
69308885 461131921 257489751 756528001
85119301 457271251 316167071 639094257
309314561 116621201 753669627 209865417
378794241 69214561 522972161 977722241
524471295 346977037 882527201 681264331
115901076 221944161 865533201 540056001
421950865 693834201 843432641 997015001
425652481 324166001 505895361 713344433
255981401 516761113 971069761 600050351
239155441 121607005 416226409 454545821
225288641 708402001 292201326 750521769
424410521 341355001 869935457 425725313
533971035 535260801 714621441 963909121
172783129 306301297 255636501 527612179
139941890 78230721 200723086 939871169
191663722 79204289 297228293 669554721
47805901 64112721 412054881 776511509
191812501 772834401 296949995 967559569
162309681 417749551 169537889 532793961
102337601 122201981 907927245 679915201
85109473 343349041 137887703 986548116
224785751 263378529 698911361 317419081
161914182 507456001 797834016 695552001
455712061 672868561 724417093 942316961
199235585 230864001 266638081 617115953
247060513 63823071 456966401 739867083
172019205 100720721 745817601 269285101
863060745 968324481 983991841 984220831
439584521 397669201 645618211 986847437
170957593 805252621 982900681 931985921
190731761 127247601 914984969 790206177
179693181 421122433 453678465 468908801
351956673 294759041 384348001 313999262
632649049 248255393 972288001 995324651
320451191 589436865 514278817 679836453
12365121 195313305 221899201 257907361
539255161 201482927 642925681 531047733
781742641 670050081 997672271 885149577
278430949 418668281 541349041 745570801
144449321 68998351 243386593 222872001
213753741 635039501 442404865 651016637
271434853 43662977 539036936 306270401
327579407 18987351 698553601 780521457
399550726 694982401 564395009 987220017
136585585 301722241 968813761 411572737
358468291 76710001 817945001 169392976
53600001 186275381 234118596 473654461
373244761 223829345 602688209 868446209
383496905 187520001 827796481 571841177
456417141 505403001 568830209 994196313
266916751 227303837 363577881 636658177
804578281 730180765 869737809 792033281
562921345 15201242 595782697 64847121
711881 843085705 313739951 866000301
237450561 380528726 919581801 412093447
393209187 31016661 885137921 674673665
180677505 310539521 309089535 400486401
405784261 105732601 744150721 158515292
150128661 228591476 769157601 344038401
103461421 624101959 637898601 990024201
237817601 151699961 357056001 441388321
11373553 174006573 317232769 487834601
713048883 340192886 924466769 503805491
542431745 47782063 702183751 710559041
473849671 646599565 754350001 709668001
491165241 181088049 609483201 724206209
2457953 764056961 591903233 985768321
487373057 156842401 561621001 680033985
347246881 366784145 775798549 561776001
164596251 378103521 446993089 470033921
450110631 701630588 956714753 961004501
379701617 273950501 576507701 506875521
142075201 512503996 483522079 872434521
6130177 453800481 380926209 994482016
530035521 128652321 769238669 734838081
404465861 456788321 424622981 717335501
572065241 250916001 854680801 383838209
27134866 307256321 527135937 462790865
842489421 66307201 920975493 475132051
730839413 5940801 942290969 989413437
178745981 381477121 376603121 649777665
760627713 717747041 960030977 881741285
177318049 87569433 481058113 551280947
48255885 584279468 832010241 850565161
690241801 268796169 937783761 978519041
9614489 213910951 997956041 738686465
379443957 502248663 708459071 973354109
88838913 18796411 419175325 777861619
37999001 610465585 234038481 656288905
101427777 748092797 420982719 761933353
479860481 561840001 870903425 789978751
190524809 78071521 703950972 237612929
339992001 744044001 829653889 996572817
180112751 166061857 555301137 760846017
233702625 73183541 733701057 204317697
27558233 347090001 264532001 712399751
38439049 93815126 45045601 698421897
930238081 608179521 959037021 681866819
385706001 40646473 485884401 596473671
180663866 238958721 786475901 422650561
754904449 390570697 779416331 989886227
177750721 497279649 860686881 746863761
199408801 342183905 498019005 376693321
1947201 571672001 621900057 908418471
460917761 684726881 792244737 688443676
854593821 309071001 955750801 655681751
120637857 684709201 672778081 907181405
300929281 658057493 343965011 814782976
362536001 372392481 423618201 456352949
513329015 427996673 714213089 665988097
106776761 21297001 142140241 509615557
149010001 341734345 796688651 996805446
206714961 180207761 940586201 579706251
857724361 188799281 896604521 635242001
245891601 183645809 430958801 842718929
134421781 90031833 968677876 377585481
565871261 322280155 820890601 623924021
343571441 235749776 814284481 750521601
822375651 65865395 948480553 245808257
391853230 262242581 703885281 958610859
318412001 241268553 692065626 532008001
203231361 643613209 277364826 815843685
107476001 391047809 341298737 933452329
718364181 437924033 857716633 900657429
792988521 45075149 943753205 803299873
320908961 283491185 731915125 599388933
405439617 470266661 582047833 483985601
264962769 434416905 346170001 761153937
380229601 374700961 576679431 608780151
846512136 33741793 988615169 182498675
725332481 69012225 746182751 572337461
604117245 20867841 734403353 143947251
123110401 827685851 952108297 914713921
216447041 333881601 700479681 421451793
406181249 468066241 826535901 855834265
375760001 533679617 648940801 770230701
484441901 122561897 865787276 963269521
3075329 736023433 385047429 904057001
193822681 548962581 895376641 725101081
242006721 402670441 341938817 496131201
291091061 51333601 300962551 689356109
69229041 451981311 468280001 843181306
730597041 159288201 750630054 876054881
191310001 130835281 378312181 536727929
88368661 306577231 656030593 383045273
391604641 213754081 448670001 625881945
399806001 178710101 917495025 637786221
988808 164755617 407778853 925563686
592195009 290002753 676874601 393675088
317986442 265435921 807462821 279026953
847761213 415816841 938766055 601409501
54585321 41933569 986429641 251301231
103688801 372615751 944329553 647249253
208791161 425681129 700899001 620115361
716377089 1 975873665 806868441
638802305 320762817 833467585 903088301
772531601 494050127 935973121 712111441
50522189 496863681 690259713 831588481
357060665 177593121 600355201 628576001
360295937 325707201 393704321 767252385
224050001 909655041 802214829 921914145
307544149 637389727 926799369 814822299
116386811 859822276 399475801 996736301
92378341 218440001 425434321 302141493
110642667 54681041 672162791 428277537
694039801 65477751 898272913 800211745
763184021 22955501 783409665 996370985
185897521 149478897 220923745 330275164
800790529 735403649 957032181 956756481
230069281 46940251 714349617 402101001
243254881 62822501 859327681 842437018
266998101 597754881 359196625 604383713
543721021 731398001 926102033 808192001
200530201 117910591 485140353 120660471
244425401 734610817 883978561 994602651
541793601 420145977 888176001 504820029
613796603 172864107 887161276 340331601
152729345 24314701 341158401 331983089
652337993 85248513 940630501 131247901
2419873 8023425 270694001 827970561
196832737 231563921 364215721 454228411
223140034 403484545 705070241 941546609
520352376 197776001 634823505 947979601
275968001 210337921 519888921 617905601
267197391 405647993 583572823 485707071
882307137 535015449 959506721 999773501
464249801 115236921 991532545 285466561
420696993 419699201 980232185 809499165
895417441 217484801 928962028 501239489
588671467 325008561 832646151 633905281
136617601 641682231 393179777 915772001
13145701 286650973 729066911 824293581
553948001 372614721 935780401 376013133
588755201 23986297 716333761 433845361
49265729 223140481 632883723 693536257
612387151 204408961 848090901 245033463
55791621 821013721 675968541 975035148
356572601 693364813 614723049 975662121
83370401 614689641 491287601 704179201
262276437 332052337 283289501 612710001
889569121 34894647 889592801 356725485
67388426 201492276 272104737 937820369
69375001 446926145 238647473 833070593
276462276 290257921 404585601 476239729
737306001 220856021 927328193 678956921
422464641 264287141 976774113 795767801
831745431 189165601 852801003 898950145
201121101 581736231 641171941 943786473
465869185 786608901 598343553 889404401
143762007 297152106 439443761 567735161
693170945 267019225 928508327 438568321
469128051 721917683 612079169 732706193
862740001 7228161 885388849 533445706
625049281 331950001 872180321 959728990
164043824 402078585 687906671 796496386
704449451 171753081 779119113 901497481
431066169 261801381 476759041 529000001
567997225 308085272 624182081 873428301
78577793 540222733 315024001 991250326
148123575 325907502 779437369 473322049
182530945 271838081 529299457 589081561
578039057 92092369 755197881 698873345
257825537 585086721 411514353 689139301
168969897 757277249 605344001 795244641
485163501 762674641 780996225 830882465
147776289 147950849 768981961 371707205
513440481 470073337 906555971 665243361
417334749 599579649 650995951 977572601
106919601 61355265 158965841 409383841
272291379 640581121 952720001 931658853
72275201 349751041 404525101 354199041
694888001 116673457 873058683 875553544
347394593 355646409 551904911 980739841
8825841 450892161 715168161 905273721
215505281 709561901 498534657 898633015
349033047 499945772 660823801 763250561
440331265 13634353 987496161 303778229
581518359 252187301 634737869 781261513
138792497 82365441 697277377 220752253
470740601 748523201 899554841 970803993
74035889 12483001 510348001 710091701
228814401 261520717 842279169 390906801
442694742 575144961 796747989 948959841
554638873 649667281 940617841 681120609
192293621 725983233 469315261 751332133
471686841 248552811 807080001 291215751
390137217 634268161 916575423 879034641
450938865 218724271 517958221 373830257
27550296 246932481 376554305 485637777
503719725 482376417 934044411 734708241
73578001 137879261 751230981 828121089
634436049 169571951 970570121 787435881
23597665 292311689 654980744 560614977
25612801 460216405 82494001 563785233
409210001 41267041 445034161 699146481
626237441 219002761 846206141 960873265
127252293 536115601 986856193 810822831
734124001 144447781 925802401 425732241
612241921 239878001 978602361 653922101
523089421 112922761 611084801 845306881
269762305 794433473 359656001 862176368
238108161 157988913 254145057 348284161
43839597 434409451 887262809 638872033
553574278 448270401 864777465 581096576
152790861 761061137 577532001 886053543
474363201 36363585 752943105 406626201
383167121 617791921 421190761 740057601
484478641 459360541 819280783 617405929
632770993 146282025 757370301 409736001
413345903 426899801 770633701 859812201
723901601 48198781 898487493 393774852
136794625 580843777 225361665 670728961
30144769 271415537 720101080 737574401
300010561 568998921 455472001 656361977
658862091 91010141 848056777 828396171
158183801 407445997 948463841 423052389
85414337 124260697 748754841 429580081
340120985 655098585 617473041 749179121
325325921 27655841 503441501 949046485
154910721 183028577 644425105 858310241
865100001 1780833 998544333 358076341
11438081 117326625 922863229 946075841
334415617 375431681 482151309 386173413
319285431 34348019 513644001 849054251
806728505 84932071 834104321 999057745
490979233 802910465 876552001 838666433
739723153 47067361 769525941 870969665
780267921 88534121 920559173 97791601
361864630 375513731 383919421 464234481
125170371 34407291 282284001 855489777
8938265 355769057 678113921 425960789
544473473 278820876 954524801 647494901
302259617 427305761 342850401 621173845
311612001 530107065 541090829 675382065
656309903 206989973 792512001 409479153
108702401 222006849 127043091 878396401
385138171 145535001 540044621 524647521
457426305 792488226 812081191 856934337
709490273 402219201 869124184 823221383
582822529 51229189 865457655 639913001
4812001 124628481 778305001 329702753
745498001 397889329 804700401 570151301
213035323 400878721 924639001 617551153
422771413 274069921 770685057 494654289
757562241 125197631 984225401 869493601
210313545 123065069 851495737 909573021
45128581 71891977 731465281 797480481
416001581 92396037 816882081 581221441
103026641 450319101 496810501 694394921
177556601 737793601 677588001 850842803
497658731 584147045 739974209 859755001
153848961 324523201 256180001 496767521
120091199 652012001 512012241 735079599
14048191 525597345 743845377 681522001
44469047 244772681 691266126 596068961
122195751 391294323 881304743 451304161
376401937 171790785 797701485 720858761
24753537 301108651 524863889 977793441
148393601 324300486 638671725 647798776
599059201 268928225 923854630 722697211
149533601 172860801 684635121 556065153
723959745 417024683 848380801 440034689
323647937 706628503 401984001 863295935
541441 406851935 462773071 607937512
38538561 75434481 534798921 116392201
283357891 360546497 990771873 930436729
356678273 261393497 754561345 908515551
83636001 332106521 693660601 365165233
427646201 140455201 750595201 513647401
593422833 17104849 735779234 718799601
30011061 279007129 248227131 596158601
243702401 451317296 666237081 692989465
89604154 134990657 700106826 868082913
377929083 335457817 523895641 981383396
633079001 330622244 942735451 408580025
431861899 71158049 846472201 438623803
1542126 66279801 39404009 281905105
235691081 314228737 933672087 878279241
87209925 368606365 209953265 911001401
135707441 262798906 226966161 770078196
99281793 68584961 759039811 84999193
729890433 102340801 739619531 766972501
147707701 200447501 676960881 607617241
216991937 30177751 671260001 626331701
347363201 423213745 766578261 493565825
375674321 298173949 696229953 524619161
782678776 218004109 872545441 788514501
285218945 402340161 720385313 790704277
108586241 28723841 882530369 714944001
130461051 813646241 231725569 850794651
83979761 93427201 299747201 512130401
71436101 960336001 599913917 996111841
352607473 28248281 891849441 164088801
482737881 26500001 712716801 150229081
257794721 25892801 465701681 757544705
513128097 275400577 826969827 716513281
300513793 277245907 693367401 295163009
428722135 267511221 860788425 819996161
272835521 29055105 555162481 166732033
338252801 52529409 440629505 360766660
497160553 156293783 972447265 705077881
207583801 93711489 540410001 466232801
215776086 139477381 646430401 262672961
17800921 810494673 824387201 814553001
531573601 170768041 919574785 174986001
400138201 173849271 578052001 340848661
155558305 68850183 368410041 570845249
408528901 400159397 891726689 484368629
80072001 187917235 683020434 237959319
398740217 733268001 829007820 780435365
524143361 75166001 628604481 946279041
377277425 360920601 478805629 694148441
339013537 184104161 340364065 346997857
329010657 88418797 809045077 699850001
55169153 47152921 317054901 584136181
390217001 310964737 398270726 779990401
122550401 763130057 156173801 823993651
455286401 298743297 659451631 883684930
698586921 36760321 764841701 508173201
638736001 474161601 748781697 506282497
162879881 153718060 651700353 328273201
539731457 18153201 548020937 628598401
358066421 97570305 424113665 682287026
661385121 816475681 848302241 859497985
427676145 290505121 990367945 832069001
39316001 298308801 927938973 790967361
692816001 120473191 975488001 218255641
120578601 241767893 951002191 675648781
195980000 447058001 204460985 455735521
330863433 353168897 777712176 363670771
442204001 801984001 589542721 806068393
28250281 371584833 454000381 552473601
226357645 530700801 744178001 707969761
218625409 869155529 478307521 889295857
13632291 768537927 218130273 879326491
253604801 340829841 866819201 663217985
608495077 192819946 944997457 281208481
508077181 276574705 697040801 286336961
284171601 324587041 362852251 460295481
753629057 304982665 986330411 390175621
752079841 853403150 965669401 913677601
632686201 593281329 768002945 690467889
5867281 604033241 775478401 629264801
95296621 110623901 716448001 644732001
183216209 191173801 656750721 608657215
50760001 98098836 730128501 895253761
262842191 152829191 744265185 188571361
2480561 125400401 615882701 564372701
136796001 374433181 939575582 561786841
376742841 523449801 788018451 635733681
128147491 277224326 652646349 359598049
675878121 796992001 705413185 955472105
591144741 37572677 925540181 639907393
7760073 355609441 818204801 856577441
542605201 91294625 584670179 665948745
514925405 204592841 797436101 854491777
30319453 621233337 594795745 824329761
282180433 832947121 453814001 884300985
851238081 178142721 971528001 662716521
235944541 326990017 765084257 714578737
329361801 549251081 418259713 940374101
257866681 194249001 872888321 365672049
88240577 214060348 646208917 663393601
650798725 235948241 904859269 536768101
585868417 151892161 925278881 744080001
528069401 61587201 738573671 386352241
116939361 247478401 581089101 575828769
355356001 228841937 780180801 805073901
187180641 133493345 293169397 764389633
20625301 373888641 130024881 706292834
692962369 274208809 845168047 797129281
154672006 800992561 936590865 808712016
284516001 22536001 865278801 802241985
165968596 302375689 679076801 405448321
370187557 223394541 601646721 240336461
37050001 40722121 63910533 270433153
424622721 334588497 687832161 967483241
274625319 185348121 730468313 191180793
207293313 218529553 648270581 649961601
145947206 462682714 344928147 550955417
101888237 596281501 401850433 928913751
73184097 229416993 555578497 819247841
49381941 320592781 955768301 801723281
577045921 562928301 636649601 844673161
592812501 538179841 679323265 810114940
506771201 587328161 520697521 944012281
22930361 83160968 899846131 319655681
104624625 14601751 703155545 233712641
95959201 9119101 692934107 757642497
231699965 132237051 522711749 766196371
575177409 183786295 724273921 485974905
740840001 101204013 821096977 184810481
457233275 646011841 498643201 852581986
85732481 539466691 585923633 608647921
816048401 497248239 952571329 770454241
20249601 472680961 101770497 902580593
3417121 667079481 741659173 778328001
270086617 75870274 565483521 377799689
176295601 38521323 876843821 541502261
61630993 211356161 777808161 419980001
141747873 178477621 193845481 510166515
7142401 340855001 321260697 573955361
904577481 135849081 996846361 359543505
765116733 377032721 941419051 882775541
496860501 375789293 742628405 703309487
567533801 440275349 607447041 886101517
386032001 3287849 529140735 8019001
478641701 248148225 676246701 401822796
321785885 137741441 895571633 349475457
143031215 169651833 509822401 983543149
514861201 192984357 545706497 326384016
764397201 80856801 939859825 870686158
136813151 34014191 597500001 606967876
510657521 218175121 870729039 385870801
530394301 486115113 923188601 719369151
22872761 76350001 729579361 925665073
173882797 290227201 838999361 513025841
573793401 522398041 829137801 609798657
14856362 357296941 276203289 881943201
302240001 107916021 607400001 311928221
73635591 620979593 184476801 869794441
219842947 23907841 900735821 916854321
415910913 27812001 996100001 884498801
243907121 109254089 949757071 301862401
341898801 400810601 344218161 915887425
40137531 129897729 90455466 925141345
296667201 173496701 568899121 603908133
495888489 421543071 785094505 569154191
146480845 155078849 765062121 300880941
236855201 527921737 925343332 972869297
507148601 20832705 833694561 75002881
98669805 120468381 280622561 937936321
82338059 601080577 206450156 634976679
354082601 163651201 967352001 386617473
80746819 695500561 805329581 818045641
403052329 876547521 587173249 914586753
677710993 311220921 800109083 377062501
12261851 774451465 975900561 840743601
235069825 677374355 372270789 891630001
152783521 578521601 921750253 710865601
773410793 585160577 945099329 888831353
292785121 294036590 987006933 504814777
490375931 290822593 649428193 907051257
258190881 402401841 448390209 739971589
426022945 40661277 528917761 382210417
239830201 343254001 940048001 890623329
311329515 274140033 345280461 609220097
149433905 273338061 221746493 454396769
823381201 439477026 991072001 721941601
176898629 309187101 933920169 980389625
130954817 295331269 760345101 507708201
452903921 217010273 466424001 312375727
658856257 158386385 760808577 448735751
192279041 105274901 581888385 448108241
336926209 530446529 585248001 861117454
527442521 497359418 582108401 556879241
755073041 573803969 944191001 597809361
299572641 386168641 811171361 561581441
245416321 659044353 434669569 974653801
528265251 66606461 602227089 707901953
534865106 257827571 694556081 748978881
390172601 235840401 994756001 885550649
247391501 568149637 324186761 896232061
644938159 728961001 725986101 886887217
788320549 323707961 927178881 581723563
238377377 785369611 753229341 902108881
1031781 148308931 767570836 542659709
333322129 124077921 533732501 927641001
418009601 91355649 648649121 628405761
15036001 232340625 831829801 479740128
341332451 84898561 529922257 749693569
747684725 183568401 803202201 636818771
747682866 34724599 790452889 915473997
431068069 745616801 609504001 900352693
1900341 3229601 726154131 170058201
162570753 493157001 509182401 866788081
814269481 667016677 845212581 782863361
67146177 231122751 750748801 672569961
109513121 875924801 715574771 956132301
10907105 628687907 61227001 792826437
125878081 701722976 916480001 970882331
705224401 528162689 740388865 827562001
482231681 271645201 680475601 811281753
175265110 202201601 704495311 831824801
284359761 73797137 629078313 951846441
157616901 451122817 686755501 540844821
790446181 538049097 834355281 964368265
305010641 234080061 668530561 365358045
769063241 131960001 977487261 843919845
470813921 53881601 911997097 817612225
403159185 303808417 691294721 707902933
366583766 796081234 667028457 905287921
696994321 275618991 878488321 889992441
126835201 126692257 920325121 294062561
366455691 656814593 843915837 715831041
91411911 544570233 935429471 560280041
296022637 287977621 837922041 640536289
329518749 495092861 748535465 818617801
73383761 419640809 435711101 970487405
848615227 300521537 983855105 377276369
169456367 87366401 898480001 403296001
762099201 55529441 911879313 382217401
599661993 211336001 970252993 646288641
286708097 632978961 642688661 960276545
224051521 14850241 914350081 472119245
323040001 599068561 397155996 845485185
830408486 14590081 882288257 955892513
271522841 36608961 394782401 750152001
267736905 467677178 779789221 925190645
116360949 192469121 900060066 298718037
611430401 131072973 906014721 657140481
210331777 263591031 408798145 651640721
21371951 179172501 173807811 832027921
381030351 625529379 706782111 687267201
270902131 422630909 754419201 598298113
344265369 359870601 832953937 480517141
503854337 618669251 607467040 689554005
245480309 618956241 568538316 828522041
596605353 420301301 851122433 934485801
499354841 381503761 608479883 503350261
